date,confirmed_cases,deaths,new_confirmed_cases,new_deaths
2021-07-14,3822565,63136,3919,38
2021-07-13,3818646,63098,5097,54
2021-07-12,3813549,63044,3979,22
2021-07-11,3809570,63022,1663,6
2021-07-10,3807907,63016,1726,13
2021-07-09,3806181,63003,2239,44
2021-07-08,3803942,62959,2234,40
2021-07-07,3801708,62919,2875,43
2021-07-06,3798833,62876,2579,31
2021-07-05,3796254,62845,743,2
2021-07-04,3795511,62843,772,6
2021-07-03,3794739,62837,269,1
2021-07-02,3794470,62836,1700,21
2021-07-01,3792770,62815,1272,50
2021-06-30,3791498,62765,1348,17
2021-06-29,3790150,62748,1186,26
2021-06-28,3788964,62722,1662,13
2021-06-27,3787302,62709,605,12
2021-06-26,3786697,62697,653,13
2021-06-25,3786044,62684,1396,33
2021-06-24,3784648,62651,744,51
2021-06-23,3783904,62600,893,34
2021-06-22,3783011,62566,1122,17
2021-06-21,3781889,62549,1241,21
2021-06-20,3780648,62528,539,12
2021-06-19,3780109,62516,441,26
2021-06-18,3779668,62490,1004,25
2021-06-17,3778664,62465,993,27
2021-06-16,3777671,62438,957,18
2021-06-15,3776714,62420,1085,60
2021-06-14,3775629,62360,1270,-23
2021-06-13,3774359,62383,395,2
2021-06-12,3773964,62381,465,10
2021-06-11,3773499,62371,971,22
2021-06-10,3772528,62349,1088,22
2021-06-09,3771440,62327,911,20
2021-06-08,3770529,62307,1175,29
2021-06-07,3769354,62278,1305,10
2021-06-06,3768049,62268,521,20
2021-06-05,3767528,62248,637,32
2021-06-04,3766891,62216,1167,40
2021-06-03,3765724,62176,1084,58
2021-06-02,3764640,62118,958,45
2021-06-01,3763682,62073,1561,24
2021-05-31,3762121,62049,293,4
2021-05-30,3761828,62045,426,5
2021-05-29,3761402,62040,689,14
2021-05-28,3760713,62026,1338,38
2021-05-27,3759375,61988,5179,140
2021-05-26,3754196,61848,1201,33
2021-05-25,3752995,61815,1374,45
2021-05-24,3751621,61770,1520,18
2021-05-23,3750101,61752,519,10
2021-05-22,3749582,61742,640,41
2021-05-21,3748942,61701,1157,32
2021-05-20,3747785,61669,1489,49
2021-05-19,3746296,61620,1346,38
2021-05-18,3744950,61582,1280,42
2021-05-17,3743670,61540,1376,24
2021-05-16,3742294,61516,507,14
2021-05-15,3741787,61502,1125,25
2021-05-14,3740662,61477,2096,50
2021-05-13,3738566,61427,1587,38
2021-05-12,3736979,61389,1421,57
2021-05-11,3735558,61332,1504,42
2021-05-10,3734054,61290,2216,19
2021-05-09,3731838,61271,861,20
2021-05-08,3730977,61251,1007,52
2021-05-07,3729970,61199,1991,46
2021-05-06,3727979,61153,2493,84
2021-05-05,3725486,61069,1594,62
2021-05-04,3723892,61007,1767,65
2021-05-03,3722125,60942,2726,34
2021-05-02,3719399,60908,931,36
2021-05-01,3718468,60872,1303,82
2021-04-30,3717165,60790,2017,90
2021-04-29,3715148,60700,1699,64
2021-04-28,3713449,60636,1615,57
2021-04-27,3711834,60579,2237,43
2021-04-26,3709597,60536,2902,27
2021-04-25,3706695,60509,1051,13
2021-04-24,3705644,60496,939,34
2021-04-23,3704705,60462,2013,72
2021-04-22,3702692,60390,1980,77
2021-04-21,3700712,60313,2051,113
2021-04-20,3698661,60200,2182,64
2021-04-19,3696479,60136,3174,37
2021-04-18,3693305,60099,1249,24
2021-04-17,3692056,60075,1589,63
2021-04-16,3690467,60012,2863,113
2021-04-15,3687604,59899,2643,77
2021-04-14,3684961,59822,2395,153
2021-04-13,3682566,59669,2668,68
2021-04-12,3679898,59601,4330,50
2021-04-11,3675568,59551,2631,62
2021-04-10,3672937,59489,2762,98
2021-04-09,3670175,59391,3627,155
2021-04-08,3666548,59236,2577,123
2021-04-07,3663971,59113,2303,121
2021-04-06,3661668,58992,2447,123
2021-04-05,3659221,58869,3765,62
2021-04-04,3655456,58807,1679,34
2021-04-03,3653777,58773,1774,72
2021-04-02,3652003,58701,3923,198
2021-04-01,3648080,58503,2706,146
2021-03-31,3645374,58357,2364,122
2021-03-30,3643010,58235,2264,119
2021-03-29,3640746,58116,3612,115
2021-03-28,3637134,58001,1364,91
2021-03-27,3635770,57910,1827,173
2021-03-26,3633943,57737,3388,243
2021-03-25,3630555,57494,2603,228
2021-03-24,3627952,57266,2694,247
2021-03-23,3625258,57019,2582,196
2021-03-22,3622676,56823,3474,181
2021-03-21,3619202,56642,1304,101
2021-03-20,3617898,56541,2028,102
2021-03-19,3615870,56439,3193,187
2021-03-18,3612677,56252,3528,256
2021-03-17,3609149,55996,3313,240
2021-03-16,3605836,55756,2348,147
2021-03-15,3603488,55609,3080,121
2021-03-14,3600408,55488,1826,175
2021-03-13,3598582,55313,2517,187
2021-03-12,3596065,55126,3154,276
2021-03-11,3592911,54850,3476,262
2021-03-10,3589435,54588,3482,253
2021-03-09,3585953,54335,4110,241
2021-03-08,3581843,54094,4749,152
2021-03-07,3577094,53942,2321,89
2021-03-06,3574773,53853,3621,286
2021-03-05,3571152,53567,5140,377
2021-03-04,3566012,53190,5186,355
2021-03-03,3560826,52835,4354,259
2021-03-02,3556472,52576,4445,290
2021-03-01,3552027,52286,4939,280
2021-02-28,3547088,52006,2707,231
2021-02-27,3544381,51775,3812,184
2021-02-26,3540569,51591,6691,391
2021-02-25,3533878,51200,5442,381
2021-02-24,3528436,50819,5920,1094
2021-02-23,3522516,49725,6532,344
2021-02-22,3515984,49381,5874,198
2021-02-21,3510110,49183,3552,206
2021-02-20,3506558,48977,5563,283
2021-02-19,3500995,48694,7604,419
2021-02-18,3493391,48275,7284,402
2021-02-17,3486107,47873,6683,418
2021-02-16,3479424,47455,10592,396
2021-02-15,3468832,47059,4153,67
2021-02-14,3464679,46992,4655,184
2021-02-13,3460024,46808,7704,372
2021-02-12,3452320,46436,9333,408
2021-02-11,3442987,46028,10229,509
2021-02-10,3432758,45519,8746,471
2021-02-09,3424012,45048,10453,489
2021-02-08,3413559,44559,15779,339
2021-02-07,3397780,44220,7451,160
2021-02-06,3390329,44060,10060,327
2021-02-05,3380269,43733,14161,527
2021-02-04,3366108,43206,14335,596
2021-02-03,3351773,42610,12497,555
2021-02-02,3339276,42055,12748,551
2021-02-01,3326528,41504,20929,428
2021-01-31,3305599,41076,11834,216
2021-01-30,3293765,40860,15868,440
2021-01-29,3277897,40420,19040,634
2021-01-28,3258857,39786,20134,559
2021-01-27,3238723,39227,17823,684
2021-01-26,3220900,38543,22331,724
2021-01-25,3198569,37819,30198,412
2021-01-24,3168371,37407,16462,232
2021-01-23,3151909,37175,22308,455
2021-01-22,3129601,36720,24148,577
2021-01-21,3105453,36143,25239,672
2021-01-20,3080214,35471,19696,599
2021-01-19,3060518,34872,57818,691
2021-01-18,3002700,34181,20421,163
2021-01-17,2982279,34018,20564,202
2021-01-16,2961715,33816,31774,427
2021-01-15,2929941,33389,39278,725
2021-01-14,2890663,32664,40619,645
2021-01-13,2850044,32019,40308,505
2021-01-12,2809736,31514,52159,648
2021-01-11,2757577,30866,52616,478
2021-01-10,2704961,30388,29314,280
2021-01-09,2675647,30108,38180,446
2021-01-08,2637467,29662,48956,673
2021-01-07,2588511,28989,40403,481
2021-01-06,2548108,28508,38398,547
2021-01-05,2509710,27961,43733,498
2021-01-04,2465977,27463,75868,403
2021-01-03,2390109,27060,21194,127
2021-01-02,2368915,26933,31452,207
2021-01-01,2337463,26726,28389,384
2020-12-31,2309074,26342,32951,538
2020-12-30,2276123,25804,34336,462
2020-12-29,2241787,25342,36440,453
2020-12-28,2205347,24889,66693,292
2020-12-27,2138654,24597,27908,100
2020-12-26,2110746,24497,49439,250
2020-12-25,2061307,24247,6876,66
2020-12-24,2054431,24181,32567,312
2020-12-23,2021864,23869,45324,348
2020-12-22,1976540,23521,35532,382
2020-12-21,1941008,23139,58735,268
2020-12-20,1882273,22871,26912,98
2020-12-19,1855361,22773,31793,178
2020-12-18,1823568,22595,53797,270
2020-12-17,1769771,22325,50729,302
2020-12-16,1719042,22023,51866,406
2020-12-15,1667176,21617,32996,283
2020-12-14,1634180,21334,40896,171
2020-12-13,1593284,21163,24879,89
2020-12-12,1568405,21074,27686,132
2020-12-11,1540719,20942,35442,235
2020-12-10,1505277,20707,34967,178
2020-12-09,1470310,20529,32401,208
2020-12-08,1437909,20321,37171,224
2020-12-07,1400738,20097,34858,129
2020-12-06,1365880,19968,20296,69
2020-12-05,1345584,19899,21897,94
2020-12-04,1323687,19805,23525,215
2020-12-03,1300162,19590,22050,154
2020-12-02,1278112,19436,20051,115
2020-12-01,1258061,19321,18879,117
2020-11-30,1239182,19204,22559,70
2020-11-29,1216623,19134,10741,31
2020-11-28,1205882,19103,13110,34
2020-11-27,1192772,19069,16263,81
2020-11-26,1176509,18988,6450,50
2020-11-25,1170059,18938,13855,101
2020-11-24,1156204,18837,17260,108
2020-11-23,1138944,18729,20777,61
2020-11-22,1118167,18668,6307,24
2020-11-21,1111860,18644,12063,59
2020-11-20,1099797,18585,13351,88
2020-11-19,1086446,18497,13825,91
2020-11-18,1072621,18406,12419,103
2020-11-17,1060202,18303,10896,57
2020-11-16,1049306,18246,13403,44
2020-11-15,1035903,18202,6788,17
2020-11-14,1029115,18185,7905,39
2020-11-13,1021210,18146,10128,74
2020-11-12,1011082,18072,10263,30
2020-11-11,1000819,18042,5113,24
2020-11-10,995706,18018,8721,70
2020-11-09,986985,17948,8273,29
2020-11-08,978712,17919,4687,13
2020-11-07,974025,17906,5268,26
2020-11-06,968757,17880,6536,59
2020-11-05,962221,17821,6509,51
2020-11-04,955712,17770,5610,66
2020-11-03,950102,17704,5527,50
2020-11-02,944575,17654,6052,29
2020-11-01,938523,17625,3200,11
2020-10-31,935323,17614,3329,40
2020-10-30,931994,17574,4655,57
2020-10-29,927339,17517,4361,24
2020-10-28,922978,17493,4253,58
2020-10-27,918725,17435,4768,78
2020-10-26,913957,17357,4919,41
2020-10-25,909038,17316,2136,15
2020-10-24,906902,17301,4136,25
2020-10-23,902766,17276,5588,54
2020-10-22,897178,17222,6368,55
2020-10-21,890810,17167,3013,122
2020-10-20,887797,17045,4601,83
2020-10-19,883196,16962,4633,19
2020-10-18,878563,16943,1589,37
2020-10-17,876974,16906,2123,33
2020-10-16,874851,16873,3068,67
2020-10-15,871783,16806,3210,78
2020-10-14,868573,16728,3579,90
2020-10-13,864994,16638,4444,69
2020-10-12,860550,16569,2781,15
2020-10-11,857769,16554,2333,11
2020-10-10,855436,16543,2874,71
2020-10-09,852562,16472,3818,73
2020-10-08,848744,16399,3786,63
2020-10-07,844958,16336,3791,85
2020-10-06,841167,16251,2785,82
2020-10-05,838382,16169,3817,34
2020-10-04,834565,16135,2444,20
2020-10-03,832121,16115,2929,41
2020-10-02,829192,16074,3946,80
2020-10-01,825246,15994,3250,82
2020-09-30,821996,15912,3147,105
2020-09-29,818849,15807,3341,151
2020-09-28,815508,15656,3448,35
2020-09-27,812060,15621,2024,21
2020-09-26,810036,15600,3228,45
2020-09-25,806808,15555,4111,128
2020-09-24,802697,15427,3201,86
2020-09-23,799496,15341,3404,102
2020-09-22,796092,15239,2891,122
2020-09-21,793201,15117,4631,54
2020-09-20,788570,15063,2511,31
2020-09-19,786059,15032,3378,72
2020-09-18,782681,14960,4290,100
2020-09-17,778391,14860,3645,73
2020-09-16,774746,14787,3626,111
2020-09-15,771120,14676,3050,123
2020-09-14,768070,14553,4588,88
2020-09-13,763482,14465,2120,45
2020-09-12,761362,14420,2938,61
2020-09-11,758424,14359,4212,147
2020-09-10,754212,14212,3717,112
2020-09-09,750495,14100,3398,144
2020-09-08,747097,13956,4221,81
2020-09-07,742876,13875,1902,40
2020-09-06,740974,13835,2655,28
2020-09-05,738319,13807,3839,51
2020-09-04,734480,13756,5019,153
2020-09-03,729461,13603,4548,136
2020-09-02,724913,13467,4538,154
2020-09-01,720375,13313,4338,154
2020-08-31,716037,13159,7208,88
2020-08-30,708829,13071,2871,22
2020-08-29,705958,13049,3703,74
2020-08-28,702255,12975,5254,141
2020-08-27,697001,12834,5378,147
2020-08-26,691623,12687,5219,139
2020-08-25,686404,12548,5622,149
2020-08-24,680782,12399,7945,116
2020-08-23,672837,12283,3356,21
2020-08-22,669481,12262,4847,155
2020-08-21,664634,12107,6329,160
2020-08-20,658305,11947,5724,138
2020-08-19,652581,11809,6233,166
2020-08-18,646348,11643,5956,196
2020-08-17,640392,11447,8561,98
2020-08-16,631831,11349,4493,21
2020-08-15,627338,11328,6347,89
2020-08-14,620991,11239,10139,155
2020-08-13,610852,11084,8249,198
2020-08-12,602603,10886,7983,156
2020-08-11,594620,10730,12207,186
2020-08-10,582413,10544,12694,109
2020-08-09,569719,10435,5595,69
2020-08-08,564124,10366,6256,99
2020-08-07,557868,10267,8287,182
2020-08-06,549581,10085,8159,143
2020-08-05,541422,9942,5981,164
2020-08-04,535441,9778,6482,205
2020-08-03,528959,9573,7612,112
2020-08-02,521347,9461,4318,39
2020-08-01,517029,9422,6301,130
2020-07-31,510728,9292,8424,216
2020-07-30,502304,9076,8818,116
2020-07-29,493486,8960,10210,177
2020-07-28,483276,8783,10455,171
2020-07-27,472821,8612,10464,97
2020-07-26,462357,8515,4574,28
2020-07-25,457783,8487,7850,90
2020-07-24,449933,8397,9101,131
2020-07-23,440832,8266,9725,152
2020-07-22,431107,8114,11887,157
2020-07-21,419220,7957,11081,119
2020-07-20,408139,7838,11538,62
2020-07-19,396601,7776,6225,18
2020-07-18,390376,7758,6895,90
2020-07-17,383481,7668,9537,118
2020-07-16,373944,7550,10262,120
2020-07-15,363682,7430,9051,128
2020-07-14,354631,7302,11087,140
2020-07-13,343544,7162,9660,48
2020-07-12,333884,7114,6762,25
2020-07-11,327122,7089,7422,71
2020-07-10,319700,7018,9789,100
2020-07-09,309911,6918,9998,135
2020-07-08,299913,6783,8771,152
2020-07-07,291142,6631,9933,115
2020-07-06,281209,6516,7823,85
2020-07-05,273386,6431,5598,41
2020-07-04,267788,6390,7786,27
2020-07-03,260002,6363,7364,53
2020-07-02,252638,6310,7783,97
2020-07-01,244855,6213,6923,78
2020-06-30,237932,6135,8493,105
2020-06-29,229439,6030,8389,52
2020-06-28,221050,5978,5023,34
2020-06-27,216027,5944,4203,34
2020-06-26,211824,5910,5773,62
2020-06-25,206051,5848,5321,74
2020-06-24,200730,5774,5016,98
2020-06-23,195714,5676,7068,63
2020-06-22,188646,5613,6870,51
2020-06-21,181776,5562,3619,22
2020-06-20,178157,5540,3939,76
2020-06-19,174218,5464,3957,70
2020-06-18,170261,5394,3901,70
2020-06-17,166360,5324,4516,77
2020-06-16,161844,5247,3633,92
2020-06-15,158211,5155,3440,38
2020-06-14,154771,5117,2325,23
2020-06-13,152446,5094,3116,75
2020-06-12,149330,5019,3741,50
2020-06-11,145589,4969,3725,76
2020-06-10,141864,4893,2914,105
2020-06-09,138950,4788,3075,92
2020-06-08,135875,4696,3138,26
2020-06-07,132737,4670,2273,25
2020-06-06,130464,4645,2397,70
2020-06-05,128067,4575,3349,81
2020-06-04,124718,4494,3251,73
2020-06-03,121467,4421,2412,65
2020-06-02,119055,4356,2430,103
2020-06-01,116625,4253,2771,47
2020-05-31,113854,4206,2365,27
2020-05-30,111489,4179,3091,58
2020-05-29,108398,4121,3106,100
2020-05-28,105292,4021,2156,76
2020-05-27,103136,3945,2014,92
2020-05-26,101122,3853,3202,59
2020-05-25,97920,3794,2292,12
2020-05-24,95628,3782,1690,18
2020-05-23,93938,3764,2015,66
2020-05-22,91923,3698,2217,66
2020-05-21,89706,3632,2399,101
2020-05-20,87307,3531,2410,80
2020-05-19,84897,3451,2089,129
2020-05-18,82808,3322,1682,50
2020-05-17,81126,3272,1383,33
2020-05-16,79743,3239,1918,56
2020-05-15,77825,3183,1945,99
2020-05-14,75880,3084,1865,75
2020-05-13,74015,3009,2141,90
2020-05-12,71874,2919,1726,101
2020-05-11,70148,2818,1441,64
2020-05-10,68707,2754,1163,27
2020-05-09,67544,2727,2235,64
2020-05-08,65309,2663,2117,81
2020-05-07,63192,2582,1867,83
2020-05-06,61325,2499,1930,78
2020-05-05,59395,2421,2587,89
2020-05-04,56808,2332,1308,76
2020-05-03,55500,2256,1254,25
2020-05-02,54246,2231,1413,59
2020-05-01,52833,2172,1855,91
2020-04-30,50978,2081,1570,87
2020-04-29,49408,1994,2429,79
2020-04-28,46979,1915,1336,83
2020-04-27,45643,1832,1562,67
2020-04-26,44081,1765,1058,28
2020-04-25,43023,1737,1259,73
2020-04-24,41764,1664,1752,86
2020-04-23,40012,1578,1867,96
2020-04-22,38145,1482,1919,113
2020-04-21,36226,1369,1965,90
2020-04-20,34261,1279,2294,45
2020-04-19,31967,1234,752,33
2020-04-18,31215,1201,1399,96
2020-04-17,29816,1105,1285,87
2020-04-16,28531,1018,1099,82
2020-04-15,27432,936,1191,88
2020-04-14,26241,848,1488,61
2020-04-13,24753,787,1068,48
2020-04-12,23685,739,861,53
2020-04-11,22824,686,985,42
2020-04-10,21839,644,1218,47
2020-04-09,20621,597,1160,46
2020-04-08,19461,551,1494,59
2020-04-07,17967,492,1143,61
2020-04-06,16824,431,1220,35
2020-04-05,15604,396,1254,33
2020-04-04,14350,363,1309,38
2020-04-03,13041,325,1367,43
2020-04-02,11674,282,1270,36
2020-04-01,10404,246,1262,34
2020-03-31,9142,212,1261,33
2020-03-30,7881,179,965,24
2020-03-29,6916,155,662,14
2020-03-28,6254,141,797,13
2020-03-27,5457,128,886,22
2020-03-26,4571,106,881,14
2020-03-25,3690,92,576,24
2020-03-24,3114,68,460,10
2020-03-23,2654,58,517,10
2020-03-22,2137,48,262,8
2020-03-21,1875,40,221,8
2020-03-20,1654,32,273,4
2020-03-19,1381,28,206,5
2020-03-18,1175,23,179,4
2020-03-17,996,19,216,1
2020-03-16,780,18,129,7
2020-03-15,651,11,97,2
2020-03-14,554,9,132,0
2020-03-13,422,9,97,1
2020-03-12,325,8,49,0
2020-03-11,276,8,68,1
2020-03-10,208,7,23,1
2020-03-09,185,6,57,2
2020-03-08,128,4,8,0
2020-03-07,120,4,25,0
2020-03-06,95,4,19,1
2020-03-05,76,3,18,0
2020-03-04,58,3,13,1
2020-03-03,45,2,5,0
2020-03-02,40,2,10,0
2020-03-01,30,2,1,0
2020-02-29,29,2,5,0
2020-02-28,24,2,6,0
2020-02-27,18,2,-1,0
2020-02-26,19,2,5,0
2020-02-25,14,2,0,0
2020-02-24,14,2,0,0
2020-02-23,14,2,0,0
2020-02-22,14,2,-1,0
2020-02-21,15,2,1,0
2020-02-20,14,2,3,0
2020-02-19,11,2,0,0
2020-02-18,11,2,0,0
2020-02-17,11,2,1,1
2020-02-16,10,1,0,0
2020-02-15,10,1,0,0
2020-02-14,10,1,0,0
2020-02-13,10,1,0,0
2020-02-12,10,1,0,0
2020-02-11,10,1,0,0
2020-02-10,10,1,0,0
2020-02-09,10,1,0,0
2020-02-08,10,1,0,0
2020-02-07,10,1,0,0
2020-02-06,10,1,0,1
2020-02-05,10,0,0,0
2020-02-04,10,0,0,0
2020-02-03,10,0,-1,0
2020-02-02,11,0,3,0
2020-02-01,8,0,0,0
2020-01-31,8,0,2,0
2020-01-30,6,0,1,0
2020-01-29,5,0,1,0
2020-01-28,4,0,1,0
2020-01-27,3,0,1,0
2020-01-26,2,0,,
